560063
560007
560092
560024
560045
560064
560047
560043
560001
560300
560025
560103
560046
560049
560063
560093
560067
560036
560077
560037
560071
560016
560066
560005
560065
560087
560008
560051
560048
560038
560094
560006
560075
560084
560033
560017
560032
560080
560042
560030
560034
560108
560050
560070
560085
560002
560076
560083
560004
560068
560056
560082
560099
560035
560018
560081
560053
560061
560060
560026
560029
560062
560100
560019
560105
560102
560078
560041
560011
560095
560074
560039
560098
560059
560027
560109
560110
560073
560009
560091
560079
560040
560021
560104
560010
560014
560013
560015
560112
560058
560023
560086
560003
560055
560054
560072
560096
560057
560012
560020
560090
560097
560022
562106
562107
562164
562149
562157
562120
562130
562162
562125